{
 "cells": [
  {
   "cell_type": "code",
   "execution_count": 7,
   "metadata": {
    "collapsed": false
   },
   "outputs": [
    {
     "name": "stdout",
     "output_type": "stream",
     "text": [
      "C:\\Projects\\machine-learning\\exam\n"
     ]
    },
    {
     "data": {
      "text/html": [
       "<div>\n",
       "<table border=\"1\" class=\"dataframe\">\n",
       "  <thead>\n",
       "    <tr style=\"text-align: right;\">\n",
       "      <th></th>\n",
       "      <th>MPG</th>\n",
       "      <th>N1</th>\n",
       "      <th>N2</th>\n",
       "      <th>N4</th>\n",
       "      <th>N5</th>\n",
       "      <th>C1</th>\n",
       "      <th>C2</th>\n",
       "    </tr>\n",
       "  </thead>\n",
       "  <tbody>\n",
       "    <tr>\n",
       "      <th>MPG</th>\n",
       "      <td>1.000000</td>\n",
       "      <td>-0.719937</td>\n",
       "      <td>-0.776671</td>\n",
       "      <td>-0.850012</td>\n",
       "      <td>0.257135</td>\n",
       "      <td>0.514602</td>\n",
       "      <td>0.499183</td>\n",
       "    </tr>\n",
       "    <tr>\n",
       "      <th>N1</th>\n",
       "      <td>-0.719937</td>\n",
       "      <td>1.000000</td>\n",
       "      <td>0.939252</td>\n",
       "      <td>0.857017</td>\n",
       "      <td>-0.266400</td>\n",
       "      <td>-0.366997</td>\n",
       "      <td>-0.449003</td>\n",
       "    </tr>\n",
       "    <tr>\n",
       "      <th>N2</th>\n",
       "      <td>-0.776671</td>\n",
       "      <td>0.939252</td>\n",
       "      <td>1.000000</td>\n",
       "      <td>0.922638</td>\n",
       "      <td>-0.273702</td>\n",
       "      <td>-0.349186</td>\n",
       "      <td>-0.560364</td>\n",
       "    </tr>\n",
       "    <tr>\n",
       "      <th>N4</th>\n",
       "      <td>-0.850012</td>\n",
       "      <td>0.857017</td>\n",
       "      <td>0.922638</td>\n",
       "      <td>1.000000</td>\n",
       "      <td>-0.128839</td>\n",
       "      <td>-0.366271</td>\n",
       "      <td>-0.538370</td>\n",
       "    </tr>\n",
       "    <tr>\n",
       "      <th>N5</th>\n",
       "      <td>0.257135</td>\n",
       "      <td>-0.266400</td>\n",
       "      <td>-0.273702</td>\n",
       "      <td>-0.128839</td>\n",
       "      <td>1.000000</td>\n",
       "      <td>0.157764</td>\n",
       "      <td>0.100735</td>\n",
       "    </tr>\n",
       "    <tr>\n",
       "      <th>C1</th>\n",
       "      <td>0.514602</td>\n",
       "      <td>-0.366997</td>\n",
       "      <td>-0.349186</td>\n",
       "      <td>-0.366271</td>\n",
       "      <td>0.157764</td>\n",
       "      <td>1.000000</td>\n",
       "      <td>0.126280</td>\n",
       "    </tr>\n",
       "    <tr>\n",
       "      <th>C2</th>\n",
       "      <td>0.499183</td>\n",
       "      <td>-0.449003</td>\n",
       "      <td>-0.560364</td>\n",
       "      <td>-0.538370</td>\n",
       "      <td>0.100735</td>\n",
       "      <td>0.126280</td>\n",
       "      <td>1.000000</td>\n",
       "    </tr>\n",
       "  </tbody>\n",
       "</table>\n",
       "</div>"
      ],
      "text/plain": [
       "          MPG        N1        N2        N4        N5        C1        C2\n",
       "MPG  1.000000 -0.719937 -0.776671 -0.850012  0.257135  0.514602  0.499183\n",
       "N1  -0.719937  1.000000  0.939252  0.857017 -0.266400 -0.366997 -0.449003\n",
       "N2  -0.776671  0.939252  1.000000  0.922638 -0.273702 -0.349186 -0.560364\n",
       "N4  -0.850012  0.857017  0.922638  1.000000 -0.128839 -0.366271 -0.538370\n",
       "N5   0.257135 -0.266400 -0.273702 -0.128839  1.000000  0.157764  0.100735\n",
       "C1   0.514602 -0.366997 -0.349186 -0.366271  0.157764  1.000000  0.126280\n",
       "C2   0.499183 -0.449003 -0.560364 -0.538370  0.100735  0.126280  1.000000"
      ]
     },
     "execution_count": 7,
     "metadata": {},
     "output_type": "execute_result"
    }
   ],
   "source": [
    "import pandas as pd\n",
    "%matplotlib inline\n",
    "data = pd.read_csv('./data/exam/CM2.csv', na_values='?')\n",
    "data = data.dropna(axis=0)"
   ]
  },
  {
   "cell_type": "code",
   "execution_count": 8,
   "metadata": {
    "collapsed": true
   },
   "outputs": [],
   "source": [
    "from sklearn import preprocessing\n",
    "def bin_feature(df, feature):\n",
    "    binarizer = preprocessing.LabelBinarizer()\n",
    "    nw = binarizer.fit_transform(df[feature])\n",
    "    classes = binarizer.classes_\n",
    "    new_names = list(map(lambda cls: feature + \" eq \" + str(cls), classes))\n",
    "    if len(binarizer.classes_) == 2:\n",
    "        new_names = new_names[1:]\n",
    "    new_data = pd.DataFrame(nw, columns=new_names)\n",
    "    new_data.index = df.index\n",
    "    new_data = pd.concat([df, new_data], axis=1)\n",
    "    new_data = new_data.drop(feature, axis=1)\n",
    "    return new_data"
   ]
  },
  {
   "cell_type": "code",
   "execution_count": 9,
   "metadata": {
    "collapsed": true
   },
   "outputs": [],
   "source": [
    "from sklearn import cross_validation\n",
    "data = bin_feature(data, 'C1')\n",
    "data = bin_feature(data, 'C2')\n",
    "X = data.drop(['MPG'], axis=1)\n",
    "Y = data['MPG']\n",
    "x_train, x_test, y_train, y_test = cross_validation.train_test_split(X, Y, test_size=0.2, random_state=11)"
   ]
  },
  {
   "cell_type": "code",
   "execution_count": 10,
   "metadata": {
    "collapsed": false
   },
   "outputs": [
    {
     "ename": "ValueError",
     "evalue": "could not convert string to float: '?'",
     "output_type": "error",
     "traceback": [
      "\u001b[1;31m---------------------------------------------------------------------------\u001b[0m",
      "\u001b[1;31mValueError\u001b[0m                                Traceback (most recent call last)",
      "\u001b[1;32m<ipython-input-10-d815e02e35bf>\u001b[0m in \u001b[0;36m<module>\u001b[1;34m()\u001b[0m\n\u001b[0;32m      5\u001b[0m \u001b[1;32mfor\u001b[0m \u001b[0mtree_count\u001b[0m \u001b[1;32min\u001b[0m \u001b[0mrange\u001b[0m\u001b[1;33m(\u001b[0m\u001b[1;36m10\u001b[0m\u001b[1;33m,\u001b[0m \u001b[1;36m500\u001b[0m\u001b[1;33m,\u001b[0m \u001b[1;36m70\u001b[0m\u001b[1;33m)\u001b[0m\u001b[1;33m:\u001b[0m\u001b[1;33m\u001b[0m\u001b[0m\n\u001b[0;32m      6\u001b[0m     \u001b[0mmodel\u001b[0m \u001b[1;33m=\u001b[0m \u001b[0mensemble\u001b[0m\u001b[1;33m.\u001b[0m\u001b[0mRandomForestRegressor\u001b[0m\u001b[1;33m(\u001b[0m\u001b[0mn_estimators\u001b[0m\u001b[1;33m=\u001b[0m\u001b[0mtree_count\u001b[0m\u001b[1;33m,\u001b[0m \u001b[0mmax_depth\u001b[0m\u001b[1;33m=\u001b[0m\u001b[1;36m8\u001b[0m\u001b[1;33m,\u001b[0m \u001b[0mrandom_state\u001b[0m\u001b[1;33m=\u001b[0m\u001b[1;36m11\u001b[0m\u001b[1;33m)\u001b[0m\u001b[1;33m\u001b[0m\u001b[0m\n\u001b[1;32m----> 7\u001b[1;33m     \u001b[0mmodel\u001b[0m\u001b[1;33m.\u001b[0m\u001b[0mfit\u001b[0m\u001b[1;33m(\u001b[0m\u001b[0mx_train\u001b[0m\u001b[1;33m,\u001b[0m \u001b[0my_train\u001b[0m\u001b[1;33m)\u001b[0m\u001b[1;33m\u001b[0m\u001b[0m\n\u001b[0m\u001b[0;32m      8\u001b[0m     \u001b[0mres\u001b[0m \u001b[1;33m=\u001b[0m \u001b[0mmodel\u001b[0m\u001b[1;33m.\u001b[0m\u001b[0mpredict\u001b[0m\u001b[1;33m(\u001b[0m\u001b[0mx_test\u001b[0m\u001b[1;33m)\u001b[0m\u001b[1;33m\u001b[0m\u001b[0m\n\u001b[0;32m      9\u001b[0m     \u001b[0mfail\u001b[0m \u001b[1;33m=\u001b[0m \u001b[1;36m0.\u001b[0m\u001b[1;33m\u001b[0m\u001b[0m\n",
      "\u001b[1;32mC:\\Anaconda3\\lib\\site-packages\\sklearn\\ensemble\\forest.py\u001b[0m in \u001b[0;36mfit\u001b[1;34m(self, X, y, sample_weight)\u001b[0m\n\u001b[0;32m    210\u001b[0m         \"\"\"\n\u001b[0;32m    211\u001b[0m         \u001b[1;31m# Validate or convert input data\u001b[0m\u001b[1;33m\u001b[0m\u001b[1;33m\u001b[0m\u001b[0m\n\u001b[1;32m--> 212\u001b[1;33m         \u001b[0mX\u001b[0m \u001b[1;33m=\u001b[0m \u001b[0mcheck_array\u001b[0m\u001b[1;33m(\u001b[0m\u001b[0mX\u001b[0m\u001b[1;33m,\u001b[0m \u001b[0mdtype\u001b[0m\u001b[1;33m=\u001b[0m\u001b[0mDTYPE\u001b[0m\u001b[1;33m,\u001b[0m \u001b[0maccept_sparse\u001b[0m\u001b[1;33m=\u001b[0m\u001b[1;34m\"csc\"\u001b[0m\u001b[1;33m)\u001b[0m\u001b[1;33m\u001b[0m\u001b[0m\n\u001b[0m\u001b[0;32m    213\u001b[0m         \u001b[1;32mif\u001b[0m \u001b[0missparse\u001b[0m\u001b[1;33m(\u001b[0m\u001b[0mX\u001b[0m\u001b[1;33m)\u001b[0m\u001b[1;33m:\u001b[0m\u001b[1;33m\u001b[0m\u001b[0m\n\u001b[0;32m    214\u001b[0m             \u001b[1;31m# Pre-sort indices to avoid that each individual tree of the\u001b[0m\u001b[1;33m\u001b[0m\u001b[1;33m\u001b[0m\u001b[0m\n",
      "\u001b[1;32mC:\\Anaconda3\\lib\\site-packages\\sklearn\\utils\\validation.py\u001b[0m in \u001b[0;36mcheck_array\u001b[1;34m(array, accept_sparse, dtype, order, copy, force_all_finite, ensure_2d, allow_nd, ensure_min_samples, ensure_min_features, warn_on_dtype, estimator)\u001b[0m\n\u001b[0;32m    371\u001b[0m                                       force_all_finite)\n\u001b[0;32m    372\u001b[0m     \u001b[1;32melse\u001b[0m\u001b[1;33m:\u001b[0m\u001b[1;33m\u001b[0m\u001b[0m\n\u001b[1;32m--> 373\u001b[1;33m         \u001b[0marray\u001b[0m \u001b[1;33m=\u001b[0m \u001b[0mnp\u001b[0m\u001b[1;33m.\u001b[0m\u001b[0marray\u001b[0m\u001b[1;33m(\u001b[0m\u001b[0marray\u001b[0m\u001b[1;33m,\u001b[0m \u001b[0mdtype\u001b[0m\u001b[1;33m=\u001b[0m\u001b[0mdtype\u001b[0m\u001b[1;33m,\u001b[0m \u001b[0morder\u001b[0m\u001b[1;33m=\u001b[0m\u001b[0morder\u001b[0m\u001b[1;33m,\u001b[0m \u001b[0mcopy\u001b[0m\u001b[1;33m=\u001b[0m\u001b[0mcopy\u001b[0m\u001b[1;33m)\u001b[0m\u001b[1;33m\u001b[0m\u001b[0m\n\u001b[0m\u001b[0;32m    374\u001b[0m \u001b[1;33m\u001b[0m\u001b[0m\n\u001b[0;32m    375\u001b[0m         \u001b[1;32mif\u001b[0m \u001b[0mensure_2d\u001b[0m\u001b[1;33m:\u001b[0m\u001b[1;33m\u001b[0m\u001b[0m\n",
      "\u001b[1;31mValueError\u001b[0m: could not convert string to float: '?'"
     ]
    }
   ],
   "source": [
    "from sklearn import ensemble\n",
    "import math\n",
    "best_tree = 10\n",
    "best_score = 1000000000.\n",
    "for tree_count in range(10, 500, 70):\n",
    "    model = ensemble.RandomForestRegressor(n_estimators=tree_count, max_depth=8, random_state=11)\n",
    "    model.fit(x_train, y_train)\n",
    "    res = model.predict(x_test)\n",
    "    fail = 0.\n",
    "    for (r, w) in zip(res, y_test):\n",
    "        fail += (r - w) * (r - w)     \n",
    "    fail = math.sqrt(fail)\n",
    "    if fail < best_score:\n",
    "        best_tree = tree_count\n",
    "        best_score = fail\n",
    "\n",
    "print('Best result: trees = {}, fail = {}'. format(best_tree, best_score))"
   ]
  },
  {
   "cell_type": "code",
   "execution_count": 16,
   "metadata": {
    "collapsed": true
   },
   "outputs": [],
   "source": []
  },
  {
   "cell_type": "code",
   "execution_count": 16,
   "metadata": {
    "collapsed": true
   },
   "outputs": [],
   "source": []
  },
  {
   "cell_type": "code",
   "execution_count": 12,
   "metadata": {
    "collapsed": true
   },
   "outputs": [],
   "source": []
  },
  {
   "cell_type": "code",
   "execution_count": null,
   "metadata": {
    "collapsed": true
   },
   "outputs": [],
   "source": []
  },
  {
   "cell_type": "code",
   "execution_count": 28,
   "metadata": {
    "collapsed": false
   },
   "outputs": [
    {
     "name": "stdout",
     "output_type": "stream",
     "text": [
      "9537 20558\n"
     ]
    }
   ],
   "source": []
  },
  {
   "cell_type": "code",
   "execution_count": null,
   "metadata": {
    "collapsed": true
   },
   "outputs": [],
   "source": []
  }
 ],
 "metadata": {
  "kernelspec": {
   "display_name": "Python 3",
   "language": "python",
   "name": "python3"
  },
  "language_info": {
   "codemirror_mode": {
    "name": "ipython",
    "version": 3
   },
   "file_extension": ".py",
   "mimetype": "text/x-python",
   "name": "python",
   "nbconvert_exporter": "python",
   "pygments_lexer": "ipython3",
   "version": "3.5.1"
  }
 },
 "nbformat": 4,
 "nbformat_minor": 0
}
